























































































































































































































0.975309	
0.975309	0.975309	
0.975309	0.975309	0.975309	
0.975309	0.975309	0.975309	0.975309	
0.975309	0.975309	0.975309	0.975309	0.975309	
0.975309	0.975309	0.975309	0.975309	0.975309	0.975309	
0.975309	0.975309	0.975309	0.975309	0.975309	0.975309	0.975309	
0.975309	0.975309	0.975309	0.975309	0.975309	0.975309	0.975309	0.975309	
0.975309	0.975309	0.975309	0.975309	0.975309	0.975309	0.975309	0.975309	0.975309	
0.975309	0.975309	0.975309	0.975309	0.975309	0.975309	0.975309	0.975309	0.975309	0.975309	
0.975309	0.975309	0.975309	0.975309	0.975309	0.975309	0.975309	0.975309	0.975309	0.975309	0.975309	
0.975309	0.975309	0.975309	0.975309	0.975309	0.975309	0.975309	0.975309	0.975309	0.975309	0.975309	0.975309	
0.975309	0.975309	0.975309	0.975309	0.975309	0.975309	0.975309	0.975309	0.975309	0.975309	0.975309	0.975309	0.975309	
0.975309	0.975309	0.975309	0.975309	0.975309	0.975309	0.975309	0.975309	0.975309	0.975309	0.975309	0.975309	0.975309	0.975309	
0.975309	0.975309	0.975309	0.975309	0.975309	0.975309	0.975309	0.975309	0.975309	0.975309	0.975309	0.975309	0.975309	0.975309	0.975309	
0.975309	0.975309	0.975309	0.975309	0.975309	0.975309	0.975309	0.975309	0.975309	0.975309	0.975309	0.975309	0.975309	0.975309	0.975309	0.975309	
0.975309	0.975309	0.975309	0.975309	0.975309	0.975309	0.975309	0.975309	0.975309	0.975309	0.975309	0.975309	0.975309	0.975309	0.975309	0.975309	0.975309	
0.975309	0.975309	0.975309	0.975309	0.975309	0.975309	0.975309	0.975309	0.975309	0.975309	0.975309	0.975309	0.975309	0.975309	0.975309	0.975309	0.975309	0.975309	
0.975309	0.975309	0.975309	0.975309	0.975309	0.975309	0.975309	0.975309	0.975309	0.975309	0.975309	0.975309	0.975309	0.975309	0.975309	0.975309	0.975309	0.975309	0.975309	
0.975309	0.975309	0.975309	0.975309	0.975309	0.975309	0.975309	0.975309	0.975309	0.975309	0.975309	0.975309	0.975309	0.975309	0.975309	0.975309	0.975309	0.975309	0.975309	0.975309	
0.975309	0.975309	0.975309	0.975309	0.975309	0.975309	0.975309	0.975309	0.975309	0.975309	0.975309	0.975309	0.975309	0.975309	0.975309	0.975309	0.975309	0.975309	0.975309	0.975309	0.975309	
0.975309	0.975309	0.975309	0.975309	0.975309	0.975309	0.975309	0.975309	0.975309	0.975309	0.975309	0.975309	0.975309	0.975309	0.975309	0.975309	0.975309	0.975309	0.975309	0.975309	0.975309	0.975309	
0.975309	0.975309	0.975309	0.975309	0.975309	0.975309	0.975309	0.975309	0.975309	0.975309	0.975309	0.975309	0.975309	0.975309	0.975309	0.975309	0.975309	0.975309	0.975309	0.975309	0.975309	0.975309	0.975309	
0.975309	0.975309	0.975309	0.975309	0.975309	0.975309	0.975309	0.975309	0.975309	0.975309	0.975309	0.975309	0.975309	0.975309	0.975309	0.975309	0.975309	0.975309	0.975309	0.975309	0.975309	0.975309	0.975309	0.975309	
0.975309	0.975309	0.975309	0.975309	0.975309	0.975309	0.975309	0.975309	0.975309	0.975309	0.975309	0.975309	0.975309	0.975309	0.975309	0.975309	0.975309	0.975309	0.975309	0.975309	0.975309	0.975309	0.975309	0.975309	0.975309	
0.975309	0.975309	0.975309	0.975309	0.975309	0.975309	0.975309	0.975309	0.975309	0.975309	0.975309	0.975309	0.975309	0.975309	0.975309	0.975309	0.975309	0.975309	0.975309	0.975309	0.975309	0.975309	0.975309	0.975309	0.975309	0.975309	
0.975309	0.975309	0.975309	0.975309	0.975309	0.975309	0.975309	0.975309	0.975309	0.975309	0.975309	0.975309	0.975309	0.975309	0.975309	0.975309	0.975309	0.975309	0.975309	0.975309	0.975309	0.975309	0.975309	0.975309	0.975309	0.975309	0.975309	
0.975309	0.975309	0.975309	0.975309	0.975309	0.975309	0.975309	0.975309	0.975309	0.975309	0.975309	0.975309	0.975309	0.975309	0.975309	0.975309	0.975309	0.975309	0.975309	0.975309	0.975309	0.975309	0.975309	0.975309	0.975309	0.975309	0.975309	0.975309	
0.975309	0.975309	0.975309	0.975309	0.975309	0.975309	0.975309	0.975309	0.975309	0.975309	0.975309	0.975309	0.975309	0.975309	0.975309	0.975309	0.975309	0.975309	0.975309	0.975309	0.975309	0.975309	0.975309	0.975309	0.975309	0.975309	0.975309	0.975309	0.975309	
0.975309	0.975309	0.975309	0.975309	0.975309	0.975309	0.975309	0.975309	0.975309	0.975309	0.975309	0.975309	0.975309	0.975309	0.975309	0.975309	0.975309	0.975309	0.975309	0.975309	0.975309	0.975309	0.975309	0.975309	0.975309	0.975309	0.975309	0.975309	0.975309	0.975309	
0.975309	0.975309	0.975309	0.975309	0.975309	0.975309	0.975309	0.975309	0.975309	0.975309	0.975309	0.975309	0.975309	0.975309	0.975309	0.975309	0.975309	0.975309	0.975309	0.975309	0.975309	0.975309	0.975309	0.975309	0.975309	0.975309	0.975309	0.975309	0.975309	0.975309	0.975309	
0.975309	0.975309	0.975309	0.975309	0.975309	0.975309	0.975309	0.975309	0.975309	0.975309	0.975309	0.975309	0.975309	0.975309	0.975309	0.975309	0.975309	0.975309	0.975309	0.975309	0.975309	0.975309	0.975309	0.975309	0.975309	0.975309	0.975309	0.975309	0.975309	0.975309	0.975309	0.975309	
0.975309	0.975309	0.975309	0.975309	0.975309	0.975309	0.975309	0.975309	0.975309	0.975309	0.975309	0.975309	0.975309	0.975309	0.975309	0.975309	0.975309	0.975309	0.975309	0.975309	0.975309	0.975309	0.975309	0.975309	0.975309	0.975309	0.975309	0.975309	0.975309	0.975309	0.975309	0.975309	0.975309	
0.975309	0.975309	0.975309	0.975309	0.975309	0.975309	0.975309	0.975309	0.975309	0.975309	0.975309	0.975309	0.975309	0.975309	0.975309	0.975309	0.975309	0.975309	0.975309	0.975309	0.975309	0.975309	0.975309	0.975309	0.975309	0.975309	0.975309	0.975309	0.975309	0.975309	0.975309	0.975309	0.975309	0.975309	


























































































































































































































































